 # 첫번째 과제
7 + 4 * 3
13 - 19 / (5 + 6)
5 + (5 * (2 + 1/2) - 7) / 3
x <- 7
y <- 4
z <- 3
x * y * z
x + y * z
a <- 3
b <- a^2
c <- b/5
d <- a + b + c
d
7 + 4 * 3 >= 20
pi > 3
2^100 > 10^30
!TRUE
TRUE | FALSE
TRUE & FALSE 
p <- TRUE
q <- FALSE
!p | q
p & (!(!p) | q)
(p & q) | (!p & q)
p <- 7 + 4 * 3 >= 20
q <- pi > 3
r <- (10^30 < 2^100) & (2^100 < 10^31)
(!p | q) & (!q | r)
